image: pista.pgm
resolution: 0.020000
origin: [-8.50000, -11.990, 0.000000]
negate: 0
occupied_thresh: 0.65
free_thresh: 0.196